105    124
207    123
214    230
69    220
-1 1
382    94
315    175
343    232
431    224
438    159
425    108
363    98
-1 2
126    315
180    418
331    416
385    322
-1 4
202    196
231    144
255    193
330    126
331    183
380    234
318    246
321    307
267    269
231    320
244    197
187    345
170    266
-1 3
-1     -1
177    166
293    207
292    251
205    314
169    253
219    111
358    161
308    348
216    334
217    177
327    218
350    206
190    226
200    292
269    271
-1 1
-1     -1
-1     -1
